1,0.925154909,0.821472161,0.847347551,0.585754271,0.593287059,0.794408997,0.775485115,0.607446046,0.569720772,0.716732718,0.683749567,0.72082134,0.679750763,0.65097061,0.590246629,0.682704403,0.64872724,0.782851219,0.843646956,0.651887428,0.652935588,0.658594539,0.717547819,0.567130493,0.595398443,0.612534878,0.626167091,0.669540939,0.589951024,0.599257867,0.632828904,0.706809036,0.750841508,0.660541862,0.63124294,0.632213504,0.579089308,0.700060135,0.660565439,0.614651868,0.62868884,0.696075246,0.726852466,0.667239998,0.738417919,0.751538235,0.775529349,0.697568917,0.682671879,0.67836132,0.614865132,0.687917889,0.64702295,0.748205228,0.734418363,0.91791304,0.859261442,0.731953593,0.650718434,0.764703488,0.673388091,0.69123703,0.645979695,0.661423381,0.594357053,0.75422573,0.757080452,0.786109517,0.770281237,0.391568081,0.351289563,0.298784265,0.378122765,0.20737585,0.159277286,0.458494075,0.429393825,0.689268858,0.587331349,0.730359845,0.613989832,0.617256127,0.534878626,0.652647067,0.580911689,0.563113239,0.517755857,0.651562226,0.596886386,0.677775184,0.600647752,0.619427663,0.540331322,0.497920649,0.610011515,0.722627773,0.706231826,0.721147824,0.6856159,0.620926985,0.53182998,0.633622052,0.613564778,0.498786204,0.500083932,0.579841909,0.562764772,0.383995702,0.586286934,0.673577528,0.645069069,0.647338188,0.518809677,0.473488532,0.273779494
0.925154909,1,0.806214667,0.869791157,0.564391038,0.585366254,0.766617253,0.81366171,0.587022865,0.590424836,0.693972748,0.751306441,0.705954416,0.728867417,0.643064457,0.622864471,0.66962618,0.687555404,0.778760839,0.84240735,0.644808625,0.647550458,0.705087141,0.760411578,0.565531349,0.599156464,0.598465906,0.616044933,0.658161299,0.635990601,0.616771728,0.643603997,0.720215936,0.751345205,0.619379712,0.598453563,0.638771531,0.617886213,0.698527235,0.697413208,0.600500442,0.647311116,0.70904026,0.719372331,0.681610126,0.72947087,0.758880745,0.776892968,0.680149149,0.692001294,0.655607098,0.639095172,0.6801828,0.659502479,0.741132877,0.747081689,0.892023956,0.939471054,0.719640659,0.698826166,0.744963802,0.766268402,0.666253154,0.733547018,0.62684616,0.663187853,0.761773313,0.752102882,0.749495843,0.745053538,0.448123273,0.414991852,0.258199017,0.334940823,0.159818896,0.134642772,0.486554402,0.452082034,0.664046988,0.632831612,0.707304249,0.674623356,0.637434055,0.606479024,0.632532205,0.6350265,0.589850395,0.572910921,0.637625259,0.623613979,0.667832078,0.62052161,0.593479465,0.553198328,0.465789025,0.606557335,0.705899474,0.715161798,0.714482888,0.700407298,0.583772447,0.540395093,0.583566165,0.600874276,0.478472265,0.482739582,0.551079082,0.562222859,0.349010254,0.591279231,0.687368435,0.676233407,0.641614356,0.489484148,0.46109591,0.255625128
0.821472161,0.806214667,1,0.942329212,0.759340195,0.773859657,0.949028549,0.896655365,0.778932239,0.766131166,0.763364089,0.783250798,0.80543713,0.801170576,0.759068052,0.746601618,0.735375413,0.738685076,0.761440087,0.767004797,0.740513245,0.750327961,0.815157388,0.870766011,0.769228164,0.78399005,0.760535685,0.774666558,0.744683645,0.729373261,0.746333384,0.748144059,0.719099724,0.745327071,0.658570559,0.615501231,0.670911389,0.620421099,0.738983963,0.696595851,0.63664602,0.645310741,0.694905541,0.665084163,0.712836749,0.73195324,0.720106647,0.729517689,0.724586148,0.711793639,0.716289651,0.69723417,0.716697862,0.703240724,0.761624297,0.790432451,0.845850765,0.801544937,0.793851725,0.731110025,0.792984271,0.760076976,0.770125493,0.767846455,0.735951293,0.726944074,0.792798689,0.788494701,0.629446246,0.653762497,0.495257649,0.453273837,0.114645798,0.230413073,0.069440773,0.042609791,0.464086584,0.406133939,0.692073091,0.668860738,0.773797531,0.738996653,0.732500431,0.693182579,0.758947305,0.73448567,0.701720778,0.683481076,0.758762931,0.74829997,0.667445306,0.65697455,0.619917381,0.622842959,0.384990067,0.563455122,0.667508207,0.706587495,0.684289533,0.70351875,0.624511382,0.625737789,0.606842989,0.659768995,0.486216834,0.503373884,0.583548769,0.584955302,0.291146392,0.551612463,0.692278876,0.642918681,0.622557057,0.4966008,0.45699673,0.24053936
0.847347551,0.869791157,0.942329212,1,0.701152455,0.738315236,0.920171966,0.935465644,0.737146308,0.746435471,0.749751529,0.783460147,0.793309899,0.797866949,0.733062772,0.717053639,0.72300172,0.723014404,0.757179358,0.797887584,0.706158154,0.713816265,0.787862786,0.868620502,0.701055281,0.736574877,0.706039737,0.72839042,0.731305094,0.717390536,0.701623621,0.717261308,0.721153619,0.746057736,0.616051118,0.568645182,0.666508346,0.632889775,0.72109352,0.704124072,0.614776932,0.642607412,0.688096607,0.675245338,0.703458704,0.736257596,0.722989431,0.733210293,0.715694566,0.727201712,0.69941722,0.701078861,0.701378117,0.694811715,0.748230575,0.775741799,0.869808679,0.852963614,0.801763707,0.758215089,0.801452034,0.795941867,0.752241269,0.77752221,0.716186355,0.742945956,0.787137487,0.780785267,0.640188213,0.667302059,0.506419413,0.47435399,0.176240626,0.260380201,0.097186648,0.063527775,0.495337059,0.446844675,0.686447948,0.665370856,0.761169575,0.735276227,0.714519411,0.676999279,0.72138094,0.721435396,0.674275518,0.661736983,0.72104662,0.718182578,0.676484048,0.64017235,0.616189089,0.595014232,0.42443375,0.561426545,0.681921451,0.694902213,0.699988361,0.705042856,0.625265486,0.602253823,0.611737472,0.643742765,0.514238092,0.501110327,0.581706649,0.561208375,0.320664171,0.561861235,0.692596519,0.65811869,0.623281155,0.481950809,0.456601381,0.253165828
0.585754271,0.564391038,0.759340195,0.701152455,1,0.940140656,0.78170864,0.709088812,0.935250504,0.845602398,0.735723264,0.709998218,0.800043125,0.735755643,0.846937427,0.815173162,0.753432586,0.74919959,0.571260379,0.587075589,0.791795881,0.795674015,0.694356595,0.739082566,0.882591087,0.874355686,0.936255958,0.923718284,0.792125232,0.718123453,0.787933031,0.802206058,0.686139623,0.695674347,0.657224438,0.600234586,0.691156285,0.618056479,0.76779192,0.715261125,0.645853037,0.639503053,0.657602176,0.629996952,0.648708929,0.641076392,0.702028959,0.690780497,0.63237477,0.616898468,0.659214513,0.676759915,0.676593273,0.706126613,0.774213624,0.799541383,0.653983777,0.593311121,0.548194254,0.521112391,0.647569642,0.582939472,0.735271483,0.706496145,0.658529121,0.662323407,0.657113107,0.669873902,0.419599843,0.43536834,0.520162195,0.496911854,0.17789138,0.295877451,0.107018733,0.103417235,0.476020574,0.426709377,0.69264603,0.656975965,0.775333784,0.726625044,0.747091017,0.690957344,0.782483396,0.764281587,0.763332545,0.728401672,0.825498296,0.813750805,0.652294864,0.674603072,0.667206509,0.6794598,0.375167665,0.53823385,0.635796359,0.678185701,0.663681402,0.678836062,0.681277818,0.704774635,0.674169505,0.721193819,0.520563232,0.542744006,0.590159181,0.59188977,0.301019036,0.516404422,0.634781845,0.582418609,0.554662919,0.528936747,0.478620775,0.292629468
0.593287059,0.585366254,0.773859657,0.738315236,0.940140656,1,0.798908694,0.755216432,0.926471753,0.922436144,0.76484195,0.759845507,0.826651224,0.79526695,0.861735191,0.866563761,0.780336956,0.794736612,0.585706885,0.604142602,0.792756472,0.813281552,0.735956383,0.78919494,0.876946852,0.900630049,0.909722991,0.942213087,0.795306536,0.766274716,0.790423346,0.817420124,0.693474791,0.709214556,0.626421703,0.56380551,0.699833549,0.653820252,0.78448342,0.746534899,0.645725207,0.660434775,0.685336108,0.640215786,0.688080285,0.663106102,0.71587127,0.701751612,0.645769943,0.630559155,0.673625448,0.687017208,0.697657089,0.724243861,0.787358575,0.813970341,0.694418713,0.62800435,0.58567885,0.558838585,0.675942498,0.635303495,0.764396037,0.74853872,0.663853928,0.680898421,0.682552514,0.683902822,0.416094548,0.451069672,0.547196311,0.537030631,0.133601271,0.24071846,0.046356668,0.039697061,0.499631595,0.457216105,0.719454548,0.713244584,0.798126852,0.781641303,0.764504248,0.732359856,0.799689058,0.793024871,0.776635809,0.781920894,0.823191552,0.835085711,0.687469154,0.686103471,0.686859211,0.703025065,0.357814621,0.518197654,0.626652055,0.665171069,0.667909075,0.682744443,0.71034649,0.737130685,0.6908779,0.737624094,0.542378758,0.548754151,0.621910624,0.601869689,0.288633352,0.504165542,0.641158795,0.602647582,0.560063279,0.522004368,0.478164134,0.281331044
0.794408997,0.766617253,0.949028549,0.920171966,0.78170864,0.798908694,1,0.928919881,0.832588185,0.797557468,0.808970938,0.799114888,0.874046415,0.836066072,0.803433532,0.771286196,0.77127951,0.757709126,0.705360236,0.715593068,0.743708468,0.748643199,0.789256658,0.860087868,0.785589788,0.803973268,0.773590607,0.78986089,0.777895424,0.747038933,0.75568077,0.754927732,0.718563037,0.742986928,0.657320972,0.610027841,0.688907563,0.633604954,0.749670104,0.704403722,0.637060934,0.630043636,0.697141078,0.664382729,0.717504372,0.732839161,0.715490067,0.727326202,0.725725762,0.727232088,0.72539294,0.71995804,0.717180371,0.709182044,0.764146255,0.793524761,0.83816158,0.779757964,0.772418089,0.724563806,0.807632017,0.770783463,0.804977805,0.789818616,0.767380731,0.761532398,0.784533915,0.786533066,0.561669712,0.600888262,0.506150255,0.480722315,0.135164527,0.252347019,0.076881611,0.071183161,0.49977433,0.439611528,0.730127357,0.693323945,0.812434128,0.764726153,0.744638077,0.686475458,0.794339894,0.758935392,0.712541668,0.686467893,0.770742099,0.751838139,0.676461858,0.642593068,0.628062398,0.617788597,0.400394832,0.542522197,0.656217531,0.68699145,0.678555313,0.69595361,0.647805438,0.632235155,0.629961188,0.663261082,0.487577242,0.496678195,0.591487191,0.568345725,0.31149347,0.548597342,0.675574893,0.625810672,0.597915711,0.486968377,0.45436188,0.256113901
0.775485115,0.81366171,0.896655365,0.935465644,0.709088812,0.755216432,0.928919881,1,0.772105274,0.800137811,0.732085099,0.829368705,0.812364343,0.88035865,0.747208907,0.765165042,0.72122521,0.760092231,0.658171608,0.686473529,0.704630206,0.724103724,0.755596535,0.855217369,0.709910524,0.755703086,0.706683803,0.740693831,0.730592804,0.756850645,0.690137034,0.719298485,0.657526682,0.685499436,0.579204482,0.540299119,0.670567227,0.655922137,0.718638152,0.713782554,0.609208792,0.637109875,0.654381453,0.639155284,0.66593336,0.693341797,0.685953417,0.70168485,0.670298091,0.68736784,0.668496759,0.694548712,0.673029583,0.673292938,0.722403115,0.763254873,0.816362675,0.811672318,0.764530049,0.754469348,0.769835244,0.804026788,0.744892698,0.81475137,0.713031897,0.767632862,0.739689605,0.73206617,0.525794171,0.563523457,0.528778175,0.504341818,0.154225188,0.244169596,0.061872204,0.043946399,0.540566926,0.501705348,0.681488233,0.701094733,0.75037907,0.768654491,0.704694467,0.69687699,0.715281983,0.740376211,0.676619014,0.684827014,0.698822996,0.717781099,0.632200612,0.595061701,0.579088134,0.559092506,0.417064266,0.540912876,0.646489304,0.669683818,0.646755255,0.654876268,0.605904342,0.586428033,0.607139191,0.64576431,0.488719787,0.487341606,0.565642985,0.546429851,0.331470989,0.56343092,0.664217441,0.617181564,0.56427381,0.457424798,0.458120081,0.238563654
0.607446046,0.587022865,0.778932239,0.737146308,0.935250504,0.926471753,0.832588185,0.772105274,1,0.911335431,0.789520292,0.764341971,0.865635303,0.815018748,0.89486922,0.859237614,0.79268286,0.792692794,0.587060098,0.602271977,0.78619146,0.794903483,0.722579298,0.786509163,0.871566592,0.882574752,0.885116006,0.895391353,0.816429283,0.764161322,0.797886312,0.812237887,0.696815115,0.705955111,0.655771204,0.595036922,0.711301145,0.638035081,0.792768182,0.732687218,0.653340021,0.644668328,0.69917236,0.638449079,0.698406545,0.683463069,0.718450425,0.708325441,0.667126833,0.656003784,0.687662489,0.71118866,0.705561119,0.735342267,0.798152341,0.815398669,0.70268951,0.632151481,0.590674691,0.570349062,0.690490779,0.645057504,0.788640866,0.761792763,0.700998919,0.717268851,0.701862911,0.709580868,0.436567571,0.460143182,0.546267464,0.539618106,0.129662616,0.239790966,0.05202228,0.049952758,0.490437943,0.44258504,0.730178355,0.697140764,0.819177068,0.7859005,0.78631049,0.732051769,0.827624574,0.806338588,0.803586419,0.784880934,0.82684296,0.817704431,0.683170414,0.682099554,0.685483117,0.69271083,0.395294343,0.535128199,0.642163725,0.673581708,0.667849086,0.685731216,0.703357209,0.716449384,0.678592207,0.726257414,0.540294796,0.548357003,0.622476043,0.60618793,0.310099377,0.531448681,0.649663771,0.597475135,0.563671521,0.514686707,0.473123127,0.28915132
0.569720772,0.590424836,0.766131166,0.746435471,0.845602398,0.922436144,0.797557468,0.800137811,0.911335431,1,0.743120081,0.800072924,0.817986583,0.859980939,0.848466961,0.898339308,0.746596872,0.795363414,0.580236453,0.579920522,0.763458223,0.774293408,0.742807193,0.803126941,0.814567372,0.850994073,0.825030324,0.855031253,0.769286258,0.784511269,0.755512932,0.770003752,0.669404799,0.670571987,0.571992906,0.509352105,0.686941448,0.647913954,0.76451206,0.734417709,0.631515724,0.647981906,0.685612014,0.585539053,0.705091723,0.651111468,0.686741319,0.660845173,0.645986211,0.62305942,0.654041257,0.674848284,0.671034952,0.689540661,0.753709474,0.76828046,0.693473099,0.640525824,0.630782928,0.600742025,0.690649312,0.66896326,0.746963278,0.765284302,0.671986802,0.70033988,0.70467228,0.675357778,0.42339864,0.463545743,0.589054268,0.565071453,0.069054994,0.150387849,-0.01360341,-0.041655111,0.511972462,0.455875447,0.678708352,0.716134944,0.769944353,0.802816439,0.780477005,0.773897374,0.772815868,0.791582513,0.802421458,0.836995702,0.765126758,0.791208337,0.671696523,0.67826099,0.657784557,0.695719149,0.360932743,0.498308594,0.601402119,0.644311278,0.637090508,0.660533834,0.679686479,0.733872829,0.639030353,0.717000853,0.537367304,0.534379482,0.627445334,0.601123148,0.282582975,0.508363207,0.646846721,0.611240366,0.555627718,0.495625442,0.474087846,0.261437165
0.716732718,0.693972748,0.763364089,0.749751529,0.735723264,0.76484195,0.808970938,0.732085099,0.789520292,0.743120081,1,0.850712203,0.940131649,0.8240021,0.870624599,0.791664828,0.879529493,0.821382575,0.674680181,0.705079759,0.776711121,0.74873045,0.769895991,0.806069927,0.773977395,0.791162528,0.780250893,0.781898705,0.853943325,0.760458236,0.772452706,0.774345423,0.734932751,0.761579339,0.644404796,0.591032934,0.714830047,0.638376729,0.80196228,0.739213617,0.693901478,0.69432979,0.741283018,0.723149391,0.72817572,0.731028213,0.772219785,0.778188057,0.701245904,0.685865405,0.722036549,0.693669199,0.749376889,0.726726755,0.827641275,0.801305927,0.797583341,0.694123904,0.612000962,0.557242631,0.751049409,0.66599623,0.864157067,0.781707178,0.724273059,0.698531456,0.734849287,0.730352684,0.490042112,0.516511519,0.503627886,0.490005535,0.168290699,0.263377087,0.083521169,0.089168381,0.520255441,0.466522194,0.807904441,0.713942423,0.903655239,0.797970121,0.825936585,0.738818282,0.863922205,0.772481589,0.754291948,0.699807176,0.797946098,0.737546427,0.706297038,0.634313178,0.645393818,0.62615944,0.410891954,0.532717771,0.655050205,0.660240935,0.67808424,0.656629446,0.646485635,0.639053949,0.610235194,0.627209327,0.49881086,0.509828619,0.579846921,0.587534208,0.30894846,0.544691646,0.6531584,0.615845363,0.57482657,0.438246811,0.404842172,0.270871695
0.683749567,0.751306441,0.783250798,0.783460147,0.709998218,0.759845507,0.799114888,0.829368705,0.764341971,0.800072924,0.850712203,1,0.867270704,0.935113771,0.820952662,0.847330922,0.805809849,0.89567206,0.669398631,0.677426228,0.760735693,0.755247736,0.798584684,0.844548323,0.75014338,0.777274885,0.755743203,0.775808142,0.785733618,0.838544543,0.74130723,0.749657319,0.692008615,0.705619513,0.575711229,0.528527551,0.694423834,0.660454766,0.768777677,0.756637229,0.649669213,0.694576222,0.709099929,0.683107152,0.696945289,0.690925096,0.735317107,0.741866076,0.645113581,0.640863956,0.663408209,0.688362397,0.69750525,0.707974817,0.762603237,0.777251759,0.762942508,0.751253616,0.631570219,0.610250437,0.714101336,0.737824029,0.779202743,0.858539418,0.678689607,0.741289022,0.725814257,0.698055766,0.478489032,0.496458314,0.5956674,0.570877645,0.133441991,0.227601356,0.025479695,0.02045145,0.547245002,0.500210683,0.743591269,0.792076583,0.821130797,0.871240598,0.778355338,0.80254587,0.778237095,0.80917815,0.734477184,0.741888926,0.732448088,0.74817694,0.66876221,0.651474206,0.608821162,0.633698954,0.394657549,0.5738744,0.628628063,0.686292397,0.647312425,0.650346577,0.627064657,0.654065799,0.594381175,0.645985813,0.492154982,0.513919586,0.571601473,0.612942256,0.312786865,0.564154557,0.659401052,0.617376082,0.549659892,0.406262162,0.403997646,0.233794064
0.72082134,0.705954416,0.80543713,0.793309899,0.800043125,0.826651224,0.874046415,0.812364343,0.865635303,0.817986583,0.940131649,0.867270704,1,0.894597481,0.91192427,0.850887929,0.888808771,0.850810251,0.682071878,0.702465394,0.805932117,0.791043518,0.796041104,0.845442278,0.830783944,0.853550282,0.827077094,0.837736215,0.874110174,0.813770855,0.815023035,0.817570581,0.752937509,0.778867851,0.65844852,0.600564018,0.733077186,0.671771152,0.815848133,0.766723728,0.69144061,0.702467461,0.756161462,0.722248658,0.757372867,0.749849859,0.776048581,0.775270375,0.718344374,0.69239997,0.725579563,0.700067469,0.748025448,0.727890821,0.837229764,0.819061951,0.809388607,0.71896043,0.640364051,0.59290727,0.76737582,0.693148906,0.867317949,0.805807254,0.748007601,0.723020074,0.762859779,0.755383037,0.493919437,0.5232315,0.551613171,0.540513012,0.161935363,0.269127473,0.072105493,0.074904992,0.550573438,0.489471299,0.825151843,0.751451125,0.907222301,0.827224286,0.835446877,0.76788101,0.871320872,0.790994596,0.775049545,0.740472498,0.812395389,0.762264908,0.734258144,0.659833733,0.675528003,0.650664372,0.401881207,0.545348022,0.665884567,0.681549402,0.686784036,0.680213563,0.686987559,0.673181875,0.644480435,0.657626565,0.514646436,0.521465883,0.638971827,0.6209077,0.295566366,0.567054412,0.681914585,0.617085553,0.568391738,0.451647869,0.420331022,0.255726505
0.679750763,0.728867417,0.801170576,0.797866949,0.735755643,0.79526695,0.836066072,0.88035865,0.815018748,0.859980939,0.8240021,0.935113771,0.894597481,1,0.839346397,0.885694921,0.805227694,0.877971985,0.653070863,0.653921581,0.755947744,0.768893884,0.789804158,0.848623456,0.773930012,0.811775442,0.768829284,0.800462228,0.792795225,0.847486616,0.752063457,0.770849126,0.684983536,0.70705057,0.578408799,0.533298375,0.703895242,0.686005557,0.784868113,0.776634119,0.658708008,0.704858692,0.719656975,0.667522749,0.731873168,0.719386241,0.742503935,0.743805416,0.675959866,0.663819148,0.678227539,0.695247543,0.70750068,0.714255004,0.777762215,0.79576079,0.773229238,0.74122175,0.667342518,0.641136973,0.73425484,0.746756861,0.786255087,0.846538804,0.706089176,0.749873449,0.74176525,0.721126498,0.474714551,0.509561625,0.572212231,0.562433423,0.119740827,0.223546103,0.019936188,0.015487246,0.564546691,0.526783091,0.747835226,0.787217608,0.818610026,0.863493051,0.78360509,0.808568112,0.783714046,0.803226394,0.75186059,0.776201683,0.735129517,0.757367913,0.691831671,0.664170953,0.629908133,0.644595488,0.411693202,0.565680508,0.654897094,0.696014993,0.662768483,0.667615048,0.651096723,0.664784984,0.62349074,0.668423817,0.499745328,0.514813815,0.613157331,0.61705673,0.315289421,0.59034133,0.683950537,0.619260946,0.55926896,0.450345381,0.442909109,0.231857098
0.65097061,0.643064457,0.759068052,0.733062772,0.846937427,0.861735191,0.803433532,0.747208907,0.89486922,0.848466961,0.870624599,0.820952662,0.91192427,0.839346397,1,0.920005614,0.904951246,0.8771917,0.649101685,0.653359283,0.865572549,0.843304577,0.769352245,0.815337364,0.860059123,0.879137516,0.879721666,0.878456843,0.911539731,0.854776891,0.835960525,0.829394676,0.73676689,0.753103843,0.676998507,0.606773678,0.788464501,0.703876453,0.872306623,0.813675564,0.736751656,0.72177903,0.780321668,0.719747931,0.773901628,0.725394388,0.806841131,0.788229487,0.709669211,0.679736455,0.726941937,0.725498151,0.774458,0.767787154,0.875452711,0.847541077,0.746140201,0.676589706,0.611113543,0.573444797,0.721622148,0.659455112,0.855645161,0.790576584,0.734137214,0.717579687,0.756786071,0.741851479,0.481394425,0.511628707,0.594682584,0.577103506,0.14469234,0.259795442,0.049352993,0.047533266,0.580941422,0.513913311,0.840559403,0.790596661,0.90894679,0.857445312,0.906287831,0.832919204,0.889510642,0.829125566,0.847779797,0.809879062,0.871445908,0.823256295,0.759313111,0.699599354,0.709951693,0.7042018,0.398428147,0.549515452,0.670668063,0.695341194,0.702394419,0.692896694,0.711828916,0.742046041,0.677824653,0.720454922,0.525218416,0.525178094,0.648599402,0.611086373,0.281063484,0.568484538,0.687929891,0.648026455,0.574969607,0.481489018,0.447568698,0.239196948
0.590246629,0.622864471,0.746601618,0.717053639,0.815173162,0.866563761,0.771286196,0.765165042,0.859237614,0.898339308,0.791664828,0.847330922,0.850887929,0.885694921,0.920005614,1,0.828966059,0.8888024,0.616947723,0.609730361,0.823630636,0.838038369,0.758833829,0.802741426,0.841895472,0.870166893,0.848029001,0.863335099,0.834111903,0.877890851,0.81168695,0.811437552,0.700120256,0.707824064,0.604855152,0.54676787,0.729467546,0.697684432,0.816277998,0.805580075,0.679326135,0.708409091,0.754782803,0.683449713,0.759303248,0.709173242,0.763344894,0.746371815,0.695274111,0.667132191,0.694890698,0.728221372,0.736653588,0.761265984,0.808236441,0.821841718,0.703394985,0.671891064,0.615221635,0.587325663,0.691891895,0.681044956,0.796310748,0.819574938,0.699490087,0.725505299,0.737954971,0.710588627,0.458516607,0.500542925,0.580774805,0.576613121,0.107581403,0.224550801,0.002126741,-0.004373579,0.544631181,0.500286764,0.757563863,0.796979291,0.834688181,0.878781304,0.840292915,0.885634397,0.819948445,0.842616772,0.797500192,0.848834447,0.786599007,0.825736245,0.709082619,0.713768987,0.679608399,0.716973177,0.389105038,0.552479313,0.62612444,0.692510481,0.652813901,0.676949211,0.677156183,0.751642163,0.640360798,0.718604136,0.528221359,0.544667686,0.630061269,0.623764592,0.294609886,0.560460851,0.677799424,0.638608663,0.572481093,0.498602664,0.486602537,0.257199716
0.682704403,0.66962618,0.735375413,0.72300172,0.753432586,0.780336956,0.77127951,0.72122521,0.79268286,0.746596872,0.879529493,0.805809849,0.888808771,0.805227694,0.904951246,0.828966059,1,0.905761554,0.659492868,0.671940344,0.843230119,0.822502109,0.752867532,0.788037431,0.798390234,0.828184791,0.814474947,0.81076981,0.941217516,0.863022782,0.8093591,0.80408501,0.749871852,0.766640643,0.644756067,0.56842261,0.808618433,0.729523929,0.857899854,0.805359243,0.733617526,0.718570543,0.811373268,0.758027844,0.782693842,0.739231677,0.844362766,0.83366915,0.728792104,0.685353403,0.749108194,0.725365121,0.794941854,0.785585012,0.877976554,0.849490459,0.78075921,0.686941289,0.615004089,0.552793064,0.750532389,0.656279034,0.897722226,0.781236789,0.749441596,0.696213035,0.753640137,0.725270439,0.489168569,0.518660547,0.600358329,0.5653474,0.13217492,0.237529552,-0.002176924,-0.008482696,0.60336206,0.533687682,0.952886476,0.871185891,0.962372133,0.880725645,0.847034507,0.776956707,0.899630439,0.814701448,0.773002129,0.718414445,0.841477812,0.785501261,0.761598878,0.685074444,0.699878108,0.6691738,0.3462762,0.505374641,0.643301226,0.671892489,0.716586675,0.688724182,0.680504126,0.701402571,0.634051187,0.682689813,0.504609851,0.508643927,0.611250303,0.591802327,0.239337308,0.516540068,0.655145211,0.653443322,0.577270271,0.441468611,0.399173573,0.18554159
0.64872724,0.687555404,0.738685076,0.723014404,0.74919959,0.794736612,0.757709126,0.760092231,0.792692794,0.795363414,0.821382575,0.89567206,0.850810251,0.877971985,0.8771917,0.8888024,0.905761554,1,0.634589023,0.641837767,0.830105888,0.831337297,0.758732347,0.80684058,0.79777141,0.838334975,0.819259637,0.83380982,0.868621514,0.9146387,0.792535448,0.808738251,0.711582778,0.728768182,0.616441225,0.553412115,0.783427973,0.753053753,0.844706627,0.832831591,0.723583187,0.745638817,0.789033495,0.730921566,0.761543691,0.727132929,0.817647247,0.8143499,0.697696121,0.668147067,0.71841477,0.73878224,0.777256859,0.797705615,0.847625826,0.856480308,0.745874046,0.710743211,0.595849092,0.543152118,0.71258322,0.696267562,0.84022544,0.863404767,0.71512919,0.735732456,0.726296898,0.688112723,0.469961037,0.490874429,0.617799193,0.601939489,0.17882521,0.284443632,0.026221838,0.026595608,0.63364266,0.588957217,0.850325107,0.918848057,0.889619869,0.946611807,0.808214654,0.826134207,0.849404168,0.867775559,0.771188702,0.770804751,0.800367924,0.803768469,0.700091282,0.683961161,0.648117378,0.660100952,0.407662867,0.567324038,0.64116356,0.696489749,0.671973942,0.672059136,0.652955005,0.697482889,0.641170423,0.712405583,0.546704506,0.548178672,0.612185729,0.614703456,0.33014243,0.564746116,0.65661808,0.629271244,0.55925284,0.471319215,0.444170085,0.244724274
0.782851219,0.778760839,0.761440087,0.757179358,0.571260379,0.585706885,0.705360236,0.658171608,0.587060098,0.580236453,0.674680181,0.669398631,0.682071878,0.653070863,0.649101685,0.616947723,0.659492868,0.634589023,1,0.94992844,0.633119427,0.626627982,0.811491229,0.78209944,0.627266766,0.632945131,0.639301871,0.63707602,0.63219351,0.606347162,0.712264345,0.669213651,0.852452776,0.865308757,0.60054167,0.576730957,0.607107411,0.540908245,0.680298353,0.644995134,0.567733662,0.578820576,0.692129108,0.671510425,0.745486698,0.736185944,0.711997028,0.72481354,0.700830422,0.687228259,0.634741244,0.599349139,0.641129072,0.621053522,0.703314463,0.680196957,0.811062426,0.772350006,0.680565158,0.592251418,0.688562344,0.614467073,0.630715997,0.611920127,0.575901751,0.549297428,0.816217599,0.801492967,0.835905418,0.824552593,0.469490323,0.42793025,0.114685572,0.208108293,0.07739352,0.04205703,0.413510016,0.330061864,0.645016313,0.581727818,0.68964318,0.620312928,0.655582845,0.613642659,0.643824127,0.604025756,0.582545906,0.556268171,0.640033341,0.616630526,0.708181165,0.664220324,0.644269245,0.631873159,0.381804265,0.559967683,0.680782569,0.700116772,0.70205625,0.683255703,0.598519718,0.596947731,0.497839312,0.530952465,0.415640747,0.460091718,0.594319809,0.586969162,0.241167219,0.556956819,0.707540884,0.674985796,0.656318891,0.483394256,0.419780486,0.205340032
0.843646956,0.84240735,0.767004797,0.797887584,0.587075589,0.604142602,0.715593068,0.686473529,0.602271977,0.579920522,0.705079759,0.677426228,0.702465394,0.653921581,0.653359283,0.609730361,0.671940344,0.641837767,0.94992844,1,0.638919569,0.63726159,0.777723152,0.780599071,0.612748654,0.629630426,0.644305072,0.650000644,0.643655146,0.596026874,0.685704352,0.677427141,0.839558044,0.866047088,0.624114331,0.598548806,0.614911294,0.559939565,0.691220053,0.662659461,0.577376212,0.608708002,0.694005752,0.709929898,0.724949584,0.757365986,0.740619909,0.759330477,0.711327726,0.696688673,0.66671006,0.623099752,0.673962705,0.655920369,0.737088478,0.713088434,0.843676995,0.807573519,0.677514399,0.599355048,0.705599538,0.63092212,0.658520162,0.631500835,0.597557335,0.563116262,0.802590328,0.798365933,0.829752659,0.838691195,0.45767717,0.415731204,0.220126762,0.299501874,0.158504353,0.115297773,0.444932558,0.389386023,0.656457563,0.575864747,0.71335731,0.624555196,0.648438958,0.58909707,0.662310616,0.612429109,0.583271559,0.554746577,0.655128004,0.626365996,0.704752765,0.643854972,0.648075015,0.609349751,0.441590639,0.58955284,0.711323922,0.709989365,0.722296506,0.688551805,0.616253099,0.579298868,0.547373919,0.557586066,0.480798452,0.499388796,0.607359818,0.591279848,0.317556896,0.582549365,0.710750094,0.666906313,0.655371859,0.521347873,0.466440004,0.268382528
0.651887428,0.644808625,0.740513245,0.706158154,0.791795881,0.792756472,0.743708468,0.704630206,0.78619146,0.763458223,0.776711121,0.760735693,0.805932117,0.755947744,0.865572549,0.823630636,0.843230119,0.830105888,0.633119427,0.638919569,1,0.960593479,0.758976264,0.792327136,0.84774128,0.869152668,0.875007238,0.852572026,0.868717457,0.84274199,0.849921544,0.842068212,0.721946397,0.73181374,0.661623995,0.594464953,0.836186929,0.777316712,0.882639037,0.853619328,0.81664128,0.804543686,0.748767212,0.733493073,0.714042426,0.674994091,0.78520465,0.803479759,0.669259226,0.621165135,0.694857658,0.68538129,0.743612076,0.746684689,0.851862763,0.854815562,0.722923421,0.642535289,0.589119289,0.517370725,0.685138723,0.626154697,0.786780515,0.731786371,0.679631495,0.664157864,0.70248443,0.681668138,0.481937363,0.491387529,0.669279698,0.62808685,0.156142547,0.273594675,0.034078341,0.013789832,0.618392962,0.556839321,0.791260911,0.783730498,0.850509599,0.818400393,0.867801408,0.802865792,0.832926019,0.788387403,0.786612466,0.749793601,0.849371364,0.813032121,0.697461975,0.685134988,0.633610524,0.641906517,0.361090622,0.560692509,0.646186589,0.708326545,0.684678207,0.687771429,0.639684337,0.664501975,0.612030356,0.665284977,0.491356194,0.521610285,0.600528266,0.608507406,0.255087367,0.53677669,0.652621088,0.636365059,0.553036566,0.437170072,0.41307614,0.183981469
0.652935588,0.647550458,0.750327961,0.713816265,0.795674015,0.813281552,0.748643199,0.724103724,0.794903483,0.774293408,0.74873045,0.755247736,0.791043518,0.768893884,0.843304577,0.838038369,0.822502109,0.831337297,0.626627982,0.63726159,0.960593479,1,0.758859482,0.79669545,0.858861431,0.890029554,0.871354017,0.872257299,0.850595943,0.854564247,0.857881527,0.861213182,0.713577277,0.728217452,0.643321691,0.584139453,0.800530219,0.784060038,0.858241238,0.860234195,0.76740128,0.811774104,0.728266925,0.723722925,0.696354315,0.671757117,0.762700164,0.791648282,0.658956635,0.6110219,0.672153165,0.676382154,0.714450594,0.728456096,0.826854827,0.863105,0.712440577,0.648239889,0.592061492,0.537115751,0.657471551,0.630386456,0.759228116,0.730328504,0.655792654,0.659877273,0.691385173,0.676057628,0.481380965,0.501853141,0.643256286,0.618952729,0.167718569,0.31364616,0.034412673,0.038595197,0.599050393,0.562857237,0.77316924,0.789369633,0.823463307,0.812535768,0.826332719,0.807674309,0.796908764,0.776590757,0.7520167,0.756326821,0.806138924,0.803117938,0.691440436,0.683989509,0.643488294,0.647596535,0.375059141,0.581818775,0.659102439,0.720949802,0.682333093,0.693191108,0.653962738,0.66981576,0.632932004,0.677264803,0.486328885,0.528329545,0.602439431,0.605568817,0.272260533,0.539627357,0.659967966,0.636473372,0.57297533,0.472614687,0.442823131,0.200407411
0.658594539,0.705087141,0.815157388,0.787862786,0.694356595,0.735956383,0.789256658,0.755596535,0.722579298,0.742807193,0.769895991,0.798584684,0.796041104,0.789804158,0.769352245,0.758833829,0.752867532,0.758732347,0.811491229,0.777723152,0.758976264,0.758859482,1,0.953621393,0.82153444,0.824956926,0.773898674,0.780827106,0.753679436,0.772887607,0.857028591,0.817583895,0.780027359,0.80461812,0.563923585,0.52406005,0.682969917,0.634329631,0.741050458,0.713812068,0.635454939,0.649900962,0.667203728,0.620155095,0.715102919,0.684509437,0.688665368,0.692608754,0.644446339,0.638902708,0.612476341,0.625436556,0.639328742,0.630703396,0.736136903,0.733886134,0.764209534,0.72412657,0.674905234,0.632471613,0.715451003,0.720580428,0.73643169,0.746340011,0.625143997,0.674805223,0.765707545,0.730145267,0.558989689,0.586178126,0.625050154,0.588008369,0.092761062,0.199035199,0.009642981,0.002942219,0.537139057,0.457090204,0.693116235,0.691137643,0.770234616,0.74966592,0.779638426,0.755590653,0.734851549,0.716366718,0.713506976,0.695555416,0.711498131,0.70864981,0.671996773,0.635057486,0.586437715,0.616964667,0.362020332,0.525021287,0.635585598,0.663956411,0.64830976,0.637404766,0.567898784,0.598857026,0.506842176,0.543139665,0.406655904,0.423481986,0.590092124,0.595171866,0.224472784,0.543943374,0.673365433,0.599805726,0.538887146,0.376019686,0.361917879,0.155721066
0.717547819,0.760411578,0.870766011,0.868620502,0.739082566,0.78919494,0.860087868,0.855217369,0.786509163,0.803126941,0.806069927,0.844548323,0.845442278,0.848623456,0.815337364,0.802741426,0.788037431,0.80684058,0.78209944,0.780599071,0.792327136,0.79669545,0.953621393,1,0.83178488,0.857725939,0.801013296,0.816743691,0.796800902,0.812667421,0.829734577,0.823992804,0.759393139,0.790739945,0.58617035,0.542920411,0.724342687,0.687712748,0.779856995,0.763086024,0.666508112,0.688907555,0.694600848,0.655284979,0.73573685,0.718580415,0.730019634,0.7338657,0.686468139,0.677317966,0.661463662,0.682172462,0.687739297,0.685062265,0.778067971,0.788452227,0.804695214,0.768617746,0.71860176,0.68334396,0.754481439,0.773601749,0.775912545,0.803813424,0.687226184,0.743947223,0.783768787,0.750855811,0.553110386,0.586213242,0.639673852,0.609735591,0.138352416,0.236266053,0.036879634,0.028767982,0.598587282,0.539212903,0.734155755,0.742738602,0.812624853,0.80687761,0.808890791,0.780958713,0.77735785,0.771550332,0.751512698,0.743378229,0.754570013,0.752684647,0.692533039,0.641774015,0.615261121,0.617297788,0.402285385,0.55398841,0.667474159,0.688464178,0.678466841,0.669537403,0.611226323,0.616097914,0.568762289,0.602321171,0.469389193,0.473618401,0.594168488,0.596805642,0.282303674,0.573132541,0.690621837,0.623444907,0.562406015,0.416635378,0.401636234,0.193341659
0.567130493,0.565531349,0.769228164,0.701055281,0.882591087,0.876946852,0.785589788,0.709910524,0.871566592,0.814567372,0.773977395,0.75014338,0.830783944,0.773930012,0.860059123,0.841895472,0.798390234,0.79777141,0.627266766,0.612748654,0.84774128,0.858861431,0.82153444,0.83178488,1,0.96999385,0.934461307,0.923058059,0.824769572,0.80822337,0.906533967,0.888013971,0.718137335,0.725697681,0.632431117,0.570781272,0.720511698,0.666491945,0.790738613,0.761855259,0.66251529,0.676505044,0.661046936,0.627996846,0.685500637,0.641384078,0.689471418,0.697710982,0.633011987,0.599402145,0.634429535,0.647806767,0.662519473,0.675373774,0.767263752,0.798161057,0.666738101,0.603648178,0.576866866,0.542335094,0.656414265,0.615981219,0.764745514,0.722454195,0.655594388,0.657786755,0.688102777,0.677631168,0.424500429,0.450358742,0.608798584,0.585906005,0.083599809,0.227307385,0.001260182,0.015260691,0.500275145,0.420221892,0.724866328,0.715401596,0.800455861,0.774537792,0.802271713,0.771815145,0.799687706,0.768944381,0.756883181,0.740394527,0.803279402,0.788895328,0.640908007,0.667692414,0.616746118,0.659090627,0.316981472,0.515178577,0.602994716,0.664623839,0.622218683,0.648150246,0.636126209,0.67503939,0.585861395,0.633349933,0.449971596,0.491149631,0.606601452,0.620278579,0.214117659,0.480651879,0.627654556,0.565214077,0.517556407,0.41899806,0.386369155,0.202154104
0.595398443,0.599156464,0.78399005,0.736574877,0.874355686,0.900630049,0.803973268,0.755703086,0.882574752,0.850994073,0.791162528,0.777274885,0.853550282,0.811775442,0.879137516,0.870166893,0.828184791,0.838334975,0.632945131,0.629630426,0.869152668,0.890029554,0.824956926,0.857725939,0.96999385,1,0.928307801,0.936066792,0.851771942,0.851124939,0.90978732,0.911627862,0.73306485,0.75092394,0.648948638,0.588025879,0.753011826,0.71485321,0.821781583,0.800858044,0.687022239,0.708323079,0.693901973,0.660232641,0.716343426,0.668331399,0.727266167,0.730090538,0.655161577,0.622931028,0.665228439,0.685925391,0.701412581,0.71123048,0.807656551,0.833446232,0.705465695,0.638919924,0.601975167,0.568091653,0.695884222,0.665442236,0.800594077,0.774613192,0.691340031,0.701770519,0.717206299,0.702054804,0.443069711,0.477592378,0.631197234,0.609040502,0.099556665,0.228736725,0.003384775,0.009656412,0.546585508,0.480456091,0.755155404,0.771031938,0.830071125,0.820865643,0.825417191,0.79922753,0.828666332,0.809288885,0.778035805,0.778245414,0.824432463,0.81766281,0.675141932,0.677817615,0.635082301,0.664454574,0.335249166,0.52381793,0.617412324,0.675033628,0.63793819,0.659129477,0.653976483,0.692353199,0.61543573,0.661096559,0.47540061,0.498317364,0.610571916,0.616317817,0.235462995,0.495727177,0.643816776,0.585409449,0.523342185,0.43687479,0.402409922,0.206312719
0.612534878,0.598465906,0.760535685,0.706039737,0.936255958,0.909722991,0.773590607,0.706683803,0.885116006,0.825030324,0.780250893,0.755743203,0.827077094,0.768829284,0.879721666,0.848029001,0.814474947,0.819259637,0.639301871,0.644305072,0.875007238,0.871354017,0.773898674,0.801013296,0.934461307,0.928307801,1,0.973569695,0.833703445,0.792596269,0.855305275,0.857522376,0.735780461,0.74309715,0.659599947,0.605471261,0.747465936,0.682472983,0.82292527,0.780820317,0.698988195,0.70486393,0.719989048,0.691774653,0.710493385,0.670230378,0.761464735,0.759151085,0.663407107,0.623144349,0.681454925,0.687575802,0.727532961,0.742268334,0.82760893,0.841807367,0.697165421,0.627403131,0.574243754,0.531696028,0.679290276,0.619754225,0.777304985,0.742868225,0.68470671,0.674309004,0.701597466,0.693213437,0.465214288,0.488682939,0.594692079,0.572300653,0.155663322,0.278112422,0.061582992,0.060255054,0.535363407,0.476215598,0.746713835,0.727572466,0.823503486,0.787015734,0.799877873,0.750268992,0.825485145,0.79542378,0.77559889,0.751206667,0.857241873,0.840391898,0.695002817,0.705195577,0.670609485,0.687069915,0.366303179,0.556383644,0.654935299,0.708632156,0.690265213,0.701469279,0.682072244,0.708875906,0.644095147,0.701737359,0.509586278,0.547220119,0.619344208,0.629958766,0.27118797,0.530305969,0.665365139,0.619781746,0.558902898,0.491991544,0.458977251,0.25020989
0.626167091,0.616044933,0.774666558,0.72839042,0.923718284,0.942213087,0.78986089,0.740693831,0.895391353,0.855031253,0.781898705,0.775808142,0.837736215,0.800462228,0.878456843,0.863335099,0.81076981,0.83380982,0.63707602,0.650000644,0.852572026,0.872257299,0.780827106,0.816743691,0.923058059,0.936066792,0.973569695,1,0.824045213,0.801755131,0.844628021,0.865737755,0.722631589,0.746003218,0.657739079,0.609574014,0.736991477,0.686971996,0.817969899,0.782615819,0.690639843,0.705127749,0.720707217,0.69975177,0.714013404,0.686400947,0.759159116,0.758187049,0.660692473,0.62770658,0.684513285,0.692115617,0.72985482,0.742374611,0.823862986,0.845056667,0.709614942,0.646330398,0.57492615,0.541537909,0.68241697,0.637290465,0.778015863,0.764171424,0.681297209,0.68458284,0.697244173,0.695837615,0.459839018,0.494435397,0.572368322,0.558127907,0.174620376,0.295305044,0.065581276,0.063037175,0.547622668,0.509469928,0.752072902,0.741741192,0.824215516,0.799373949,0.78538648,0.748969867,0.822023304,0.801663419,0.768080269,0.763088246,0.842432075,0.84301805,0.694563462,0.692796575,0.674858213,0.688209175,0.39974233,0.566962423,0.66819695,0.705347844,0.688791771,0.694235327,0.697789525,0.714476493,0.674832387,0.718543356,0.528333018,0.551988826,0.622058747,0.624545614,0.312909674,0.547283044,0.667137399,0.608218247,0.557708155,0.509827304,0.475722411,0.268157986
0.669540939,0.658161299,0.744683645,0.731305094,0.792125232,0.795306536,0.777895424,0.730592804,0.816429283,0.769286258,0.853943325,0.785733618,0.874110174,0.792795225,0.911539731,0.834111903,0.941217516,0.868621514,0.63219351,0.643655146,0.868717457,0.850595943,0.753679436,0.796800902,0.824769572,0.851771942,0.833703445,0.824045213,1,0.88670506,0.835838108,0.832883208,0.735278966,0.747384758,0.660291072,0.577265069,0.817647969,0.744529075,0.86220503,0.821542902,0.769135899,0.757402794,0.758247037,0.70835917,0.739714733,0.691374508,0.797982486,0.784030274,0.684324365,0.642173353,0.700047704,0.680640639,0.750203271,0.731686897,0.868525621,0.841686281,0.746331968,0.662262774,0.582882763,0.528582424,0.721755517,0.629946933,0.846337685,0.744451146,0.724107374,0.670683349,0.714788475,0.686453556,0.465910113,0.490705409,0.605745066,0.575516471,0.223193178,0.324841858,0.077435653,0.070894315,0.61989874,0.537723509,0.903547347,0.826161806,0.927620737,0.837732345,0.864078145,0.784651127,0.862936379,0.784141404,0.800076778,0.736387879,0.836804174,0.767806019,0.705251892,0.649838244,0.639510279,0.626972376,0.35900434,0.487420349,0.632669654,0.648441706,0.688528532,0.652843097,0.63251053,0.662051821,0.618614871,0.670906955,0.503012449,0.484953558,0.609137945,0.582370869,0.240797287,0.500469189,0.628578021,0.60623834,0.534452176,0.437494651,0.398598188,0.179251657
