1,0.907537446,0.851833477,0.82791056,0.515433251,0.472615342,0.845908146,0.812514072,0.536938932,0.450038708,0.803269206,0.743506507,0.75404139,0.707095709,0.515035193,0.467286384,0.702862865,0.687081997,0.741071043,0.746585801,0.420598138,0.401757611,0.667095597,0.701297536,0.616183401,0.596146181,0.455405298,0.430426893,0.612725538,0.536052312,0.539068931,0.527775143,0.652627426,0.651934685,0.528993126,0.482590252,0.386359394,0.351056294,0.288608358,0.278215488,0.342573788,0.27802393,0.55997306,0.560327439,0.674058789,0.674397193,0.600059789,0.550289098,0.678385046,0.657721437,0.625828692,0.58392982,0.4841372,0.38078887,0.560536377,0.462662838,0.940444736,0.880064923,0.783644758,0.763454764,0.783679908,0.728815123,0.751494953,0.692737925,0.633815006,0.640333019,0.753040009,0.72328604,0.776593921,0.745944567,0.318465872,0.351016879,0.523648003,0.547363464,0.351332972,0.27952085,0.519528057,0.490415551,0.546126372,0.524216326,0.694328783,0.626479406,0.436989379,0.410543199,0.563027307,0.529962174,0.257240307,0.260172829,0.394676283,0.348732834,0.418830949,0.4087181,0.183478411,0.226644762,0.193262166,0.212835918,0.38828157,0.376205977,0.525600295,0.497052316,0.134018764,0.131197182,0.121572242,0.098107436,0.06069811,0.11256086,-0.107011642,-0.038633151,0.253397489,0.24049358,0.365160896,0.436253863,0.346557157,0.200219489,0.251073974,0.139799927
0.907537446,1,0.816581181,0.862951323,0.503569205,0.494950199,0.777973248,0.832186242,0.515329172,0.479016239,0.696391138,0.762383859,0.684021857,0.73506539,0.465489651,0.480713425,0.637228017,0.705743547,0.739031507,0.80024124,0.391233009,0.410670283,0.659304877,0.731405412,0.626277286,0.621075681,0.446707388,0.432699053,0.553398884,0.559187893,0.536948474,0.525102498,0.608499895,0.634515488,0.454464363,0.450114432,0.34706804,0.37403483,0.233408728,0.286024131,0.279345137,0.312204901,0.522472534,0.550269454,0.649581383,0.684587601,0.536434013,0.550108466,0.636380124,0.677870896,0.549254013,0.599682619,0.392438227,0.386145113,0.472292621,0.467255206,0.868064098,0.949643398,0.742088275,0.802363358,0.683282291,0.752554068,0.65132063,0.721423822,0.546957376,0.648407501,0.717254016,0.722575293,0.808804445,0.821289998,0.289410464,0.357688894,0.486955983,0.552976237,0.289073004,0.301800762,0.487270089,0.501553631,0.479522139,0.551937433,0.618559803,0.661051857,0.388144957,0.473437515,0.474189152,0.549803609,0.235910655,0.301345626,0.320802154,0.351151413,0.440293644,0.435112324,0.231128154,0.256108062,0.20622654,0.242834322,0.383307292,0.395092492,0.51082184,0.516784655,0.173488803,0.1612511,0.151130598,0.12837819,0.06963314,0.116170675,-0.04618879,0.050442727,0.260046106,0.259140218,0.37847603,0.439701723,0.360339667,0.216038641,0.257322867,0.134092755
0.851833477,0.816581181,1,0.917491156,0.698927046,0.629831325,0.940114005,0.893838247,0.696341726,0.583328597,0.793524376,0.793627419,0.820773545,0.793788342,0.625617289,0.582478514,0.671919735,0.701936687,0.740503755,0.720048283,0.525832764,0.513922849,0.817446814,0.844571136,0.768483166,0.740976486,0.611880426,0.574662778,0.68103318,0.646991727,0.643199386,0.600519916,0.65859044,0.671558221,0.644016352,0.568707164,0.481830285,0.470108198,0.398307557,0.418916493,0.383866422,0.336897154,0.544911616,0.547041075,0.672267306,0.660754987,0.571560057,0.548398986,0.638231944,0.644615415,0.63156769,0.618544865,0.496774681,0.425182412,0.602053581,0.53794243,0.773728014,0.791959839,0.744073725,0.7460788,0.775512862,0.78138412,0.744438339,0.74175592,0.721534657,0.737553381,0.790787914,0.772014025,0.669421542,0.653114686,0.46096544,0.495238206,0.517549696,0.543143435,0.293292261,0.249368599,0.579139112,0.569998754,0.533530966,0.563154941,0.707514289,0.701993093,0.526967086,0.548436466,0.668580102,0.658783423,0.388409615,0.394107274,0.548053708,0.491975757,0.488651807,0.520890945,0.299709165,0.348901947,0.146884933,0.221721666,0.319811489,0.330376904,0.479236553,0.471372547,0.209479229,0.241818306,0.135687571,0.128161995,0.066440556,0.137123005,-0.04215354,0.045023027,0.201887835,0.22143767,0.302512594,0.360380085,0.285284303,0.118882658,0.169857784,0.088905416
0.82791056,0.862951323,0.917491156,1,0.663024887,0.688727174,0.87574928,0.943116187,0.651265089,0.62054304,0.757240434,0.829092694,0.77217371,0.822419915,0.600353315,0.621818295,0.657575527,0.734850265,0.728014731,0.770426753,0.546089993,0.568205166,0.797006354,0.89738138,0.76877128,0.780590502,0.615909205,0.619283394,0.673851948,0.692653865,0.659669362,0.650894681,0.635725696,0.703895537,0.63129102,0.621455539,0.469744288,0.513571746,0.388293165,0.466918892,0.379144387,0.398611725,0.52726522,0.565381141,0.649651567,0.678648369,0.556931175,0.562943501,0.604711527,0.656820766,0.586456526,0.633911815,0.455107668,0.451555918,0.577392746,0.585578045,0.756770758,0.837574602,0.709476751,0.753339485,0.725679856,0.808105232,0.69027209,0.790987034,0.661484065,0.755382496,0.766593047,0.804733853,0.683520168,0.694175215,0.437447656,0.508770072,0.504478507,0.573591625,0.263804391,0.269618226,0.574884027,0.624968981,0.536041913,0.590073827,0.672812259,0.728935714,0.515164836,0.578659043,0.610209109,0.69490691,0.375934169,0.437139052,0.509308757,0.53568553,0.473410759,0.466101233,0.285110944,0.302519864,0.156548598,0.20312202,0.319242323,0.323024405,0.455290466,0.425582909,0.250488089,0.206064705,0.172715754,0.111147109,0.088043901,0.112589547,-0.007090602,0.066698708,0.204851206,0.218499698,0.298062269,0.332032818,0.247323998,0.09768661,0.148703556,0.073367453
0.515433251,0.503569205,0.698927046,0.663024887,1,0.907274304,0.725090986,0.708314313,0.921475463,0.839589415,0.679053695,0.676638463,0.768171319,0.754711897,0.849701821,0.785473556,0.624246984,0.642663942,0.458137083,0.432666741,0.6232247,0.610028735,0.652152207,0.667586486,0.851400798,0.827224857,0.909267362,0.866149424,0.685362008,0.657736446,0.656742835,0.66176235,0.557315877,0.625538898,0.552374417,0.48163509,0.354864598,0.328020608,0.456358777,0.444787668,0.315283477,0.274462123,0.517362075,0.471481983,0.535180296,0.514245026,0.497395153,0.472312119,0.485023938,0.501674764,0.569945469,0.564784365,0.550824603,0.54754999,0.61090258,0.594841649,0.484890324,0.516666372,0.444275794,0.418862473,0.58588776,0.574210961,0.629998152,0.633957772,0.606706557,0.6055872,0.546249366,0.543329659,0.350763693,0.340677234,0.335236697,0.378124698,0.498650323,0.50108967,0.293721574,0.256841655,0.406535946,0.418810655,0.540733846,0.527794288,0.651923442,0.640089017,0.523172059,0.53635795,0.681935237,0.670043863,0.567139685,0.545542302,0.707913535,0.669586929,0.503344171,0.553888469,0.497635356,0.560488226,0.022804372,0.148659757,0.183506059,0.241871697,0.346296476,0.329736349,0.469086585,0.5341919,0.352787158,0.375865289,0.154715933,0.202580457,-0.026024431,0.077366258,0.029702079,0.039515307,0.067885011,0.165163203,0.194796089,0.166034799,0.065130188,-0.116608678
0.472615342,0.494950199,0.629831325,0.688727174,0.907274304,1,0.647532476,0.715748565,0.838404339,0.901558669,0.601710364,0.679948605,0.667552244,0.746545493,0.781447136,0.831497017,0.542483065,0.637449442,0.432074185,0.452930374,0.58870358,0.622350088,0.605060939,0.68303649,0.799302443,0.839856017,0.871275279,0.887809196,0.60992923,0.672716526,0.622604853,0.678871342,0.525901709,0.646155259,0.525213839,0.515915596,0.30227629,0.352179211,0.42269025,0.500830123,0.275868577,0.297679439,0.512046832,0.480312024,0.499943931,0.516989013,0.489251056,0.494898942,0.452412741,0.489324467,0.520165477,0.548802554,0.510536701,0.568467992,0.566021629,0.635008355,0.444442067,0.511353354,0.397239404,0.400051227,0.510381585,0.567432329,0.536543438,0.629930713,0.531272521,0.593496073,0.505858463,0.544889313,0.328152319,0.330580954,0.266816012,0.345935159,0.433275757,0.49061237,0.23307236,0.240180679,0.348067508,0.429797442,0.493995655,0.530024913,0.565215318,0.630472467,0.490950553,0.561206018,0.598712541,0.677574866,0.541335134,0.617023913,0.652962225,0.72592264,0.526609449,0.529043088,0.536091371,0.566107863,0.034673338,0.153342689,0.188639391,0.26152716,0.339687444,0.317230279,0.554066427,0.551530271,0.42052824,0.389751002,0.197695019,0.1981121,0.01562926,0.081037303,0.037375186,0.049844876,0.066038546,0.153877382,0.202603877,0.157971246,0.058202551,-0.136232114
0.845908146,0.777973248,0.940114005,0.87574928,0.725090986,0.647532476,1,0.927549781,0.770958136,0.638628332,0.850881187,0.798808719,0.907427745,0.84090355,0.679056326,0.601595555,0.709594237,0.696858349,0.652333517,0.637382288,0.4981615,0.470317436,0.767494007,0.789877505,0.764151597,0.723189835,0.616032882,0.576963523,0.686246911,0.626632156,0.62066883,0.575710255,0.673211683,0.694651395,0.670041278,0.58487892,0.458658047,0.424395772,0.378409687,0.388410517,0.3569178,0.279951038,0.555335459,0.540662263,0.684980472,0.668683979,0.568179309,0.534397654,0.662518518,0.657504046,0.669219034,0.645883233,0.543328839,0.473857496,0.606351104,0.521013617,0.786599578,0.767649336,0.73609529,0.715542909,0.816472673,0.791055354,0.809907449,0.77307197,0.763498226,0.768228127,0.794214965,0.773984969,0.583457426,0.580513651,0.43604207,0.468054993,0.53242179,0.539179264,0.283947418,0.235256564,0.589334383,0.576620499,0.575870001,0.563711129,0.7587541,0.714648248,0.510563768,0.51531045,0.724384088,0.684877872,0.410295948,0.40166051,0.589873037,0.515628789,0.461485265,0.49282155,0.306428686,0.361295895,0.086843559,0.152001132,0.262063647,0.265433256,0.430514204,0.407694914,0.223392391,0.269565832,0.145136024,0.139146568,0.036140746,0.106344797,-0.072741835,0.038341512,0.15406243,0.164720867,0.245927506,0.299208533,0.214057355,0.076130681,0.122862076,0.039314463
0.812514072,0.832186242,0.893838247,0.943116187,0.708314313,0.715748565,0.927549781,1,0.732596415,0.695194925,0.795258381,0.867400584,0.84257393,0.898455049,0.644974269,0.661545983,0.672505943,0.746623646,0.650096916,0.678028767,0.511490833,0.525927954,0.767041318,0.852270417,0.786248093,0.78439604,0.62751429,0.623644015,0.668082542,0.692641667,0.634403553,0.633200113,0.636848847,0.717030619,0.651131101,0.630880471,0.433064215,0.477252233,0.346193923,0.435291955,0.340133565,0.351611794,0.529279196,0.55190495,0.663902115,0.691673842,0.53571777,0.556314537,0.629474298,0.676280857,0.619134588,0.66894511,0.484545479,0.496855282,0.560554829,0.56450789,0.754845426,0.819728615,0.707763179,0.736944356,0.7577527,0.831155069,0.751940132,0.836166879,0.715387177,0.806876095,0.769515345,0.803921376,0.59697043,0.616239783,0.425192041,0.489393106,0.510338455,0.571461642,0.258423157,0.247200973,0.566014448,0.613753478,0.552583703,0.602995471,0.711491858,0.764644522,0.489724518,0.567698051,0.663192214,0.742286187,0.370252941,0.442172091,0.543468855,0.568568301,0.464008501,0.480261975,0.316557735,0.345307027,0.099372665,0.16089203,0.261102656,0.279985827,0.422451516,0.398856159,0.264760755,0.257224341,0.176377838,0.128800016,0.050110514,0.084350702,-0.040999369,0.05028849,0.163272582,0.172376273,0.260981619,0.291238707,0.194807578,0.068191546,0.108819951,0.02143685
0.536938932,0.515329172,0.696341726,0.651265089,0.921475463,0.838404339,0.770958136,0.732596415,1,0.895567226,0.701915266,0.682978044,0.817734895,0.7944986,0.866837599,0.801445523,0.601428684,0.607385988,0.452738693,0.421332549,0.492850575,0.477410856,0.624183223,0.640948809,0.773977109,0.730121383,0.782747329,0.736400902,0.609274879,0.594466194,0.578618112,0.568260932,0.576834282,0.628707769,0.528340896,0.436643725,0.280320496,0.2482186,0.369727733,0.369352812,0.21770973,0.167845021,0.518495165,0.457353213,0.543558002,0.536405147,0.472540831,0.445192789,0.522156974,0.535681117,0.596606494,0.612161865,0.573354161,0.592944807,0.563593534,0.551176608,0.521609152,0.535429606,0.46541729,0.434543652,0.606109738,0.587768407,0.664745387,0.659979969,0.616890973,0.624031706,0.557518435,0.54251185,0.355716288,0.34608514,0.273201072,0.310703873,0.429548953,0.423429656,0.198271795,0.192140942,0.369843542,0.378583675,0.523831938,0.506237745,0.656869893,0.646673244,0.495395749,0.523950399,0.688540034,0.680301107,0.575635853,0.569114962,0.676854966,0.655071398,0.502084138,0.556927418,0.549208605,0.603008964,-0.029183468,0.101921903,0.148483118,0.203124554,0.308611045,0.284297326,0.460544563,0.555257917,0.330680524,0.351058576,0.123306663,0.172896357,-0.046592387,0.080449972,-0.00655051,0.013482409,0.052350007,0.144983965,0.190804926,0.151675829,0.040461606,-0.140364981
0.450038708,0.479016239,0.583328597,0.62054304,0.839589415,0.901558669,0.638628332,0.695194925,0.895567226,1,0.574171747,0.668626256,0.668228109,0.77267423,0.780826353,0.867285072,0.477077189,0.583303821,0.396476066,0.395802983,0.417385116,0.449030406,0.546458295,0.609939993,0.69528539,0.707081539,0.741699239,0.732679574,0.484852254,0.567440081,0.490968157,0.537199047,0.504053748,0.60628236,0.463179414,0.43267495,0.174592606,0.221032248,0.277506415,0.370477756,0.114420639,0.161535985,0.486556557,0.45949633,0.497949595,0.528216216,0.426272561,0.443042153,0.477379262,0.51823506,0.538519657,0.600460403,0.51521658,0.614999757,0.483447695,0.567057131,0.447517488,0.507421074,0.394444968,0.391047403,0.515809081,0.56038417,0.553584644,0.645576107,0.530415649,0.595942827,0.483538011,0.51442857,0.30140628,0.292478589,0.174048409,0.234612194,0.337845826,0.37374951,0.13177979,0.173633742,0.273440866,0.338325612,0.438273624,0.479480354,0.541016859,0.637691706,0.42060421,0.538280901,0.590941325,0.688683891,0.5127841,0.623681158,0.610545022,0.709931941,0.513725301,0.537439043,0.604680489,0.628062782,-0.019844063,0.094162048,0.12846004,0.216491104,0.288612934,0.269533196,0.537913485,0.598830387,0.390138563,0.39172283,0.174681853,0.178223944,-0.038559845,0.065857428,-0.012491799,0.002927605,0.018034668,0.10590153,0.184890517,0.1661926,0.024290499,-0.16762613
0.803269206,0.696391138,0.793524376,0.757240434,0.679053695,0.601710364,0.850881187,0.795258381,0.701915266,0.574171747,1,0.833828112,0.923902957,0.821586913,0.730797632,0.611064611,0.829481978,0.753635568,0.6521211,0.610498004,0.544658767,0.512151497,0.736816925,0.731023253,0.739791672,0.693400046,0.628872292,0.593674523,0.780177957,0.669732725,0.648506426,0.624360605,0.672916201,0.693774944,0.614787039,0.516048773,0.457421969,0.390363339,0.413758384,0.368052475,0.409760207,0.293037875,0.566289033,0.547569273,0.641601544,0.617170107,0.598560889,0.53822984,0.615589644,0.595174803,0.643084822,0.583824008,0.547686084,0.443184623,0.634857626,0.520657373,0.752699391,0.689845125,0.626095985,0.5778946,0.758949031,0.676352311,0.818144902,0.730111617,0.694332787,0.658473733,0.70064066,0.685324085,0.508645729,0.522613747,0.46047477,0.445796199,0.566778998,0.577667079,0.365047812,0.261998279,0.586283417,0.553286825,0.679383092,0.593739851,0.817058546,0.695695439,0.599759022,0.489447117,0.71683511,0.622773723,0.449758507,0.371324434,0.5655153,0.464273283,0.453290254,0.438960545,0.279542976,0.31805082,0.170202765,0.202335496,0.318542619,0.278078065,0.443555215,0.389020071,0.235563886,0.249136855,0.171522034,0.149455798,0.10850436,0.174726748,-0.05943164,-0.036489601,0.213222786,0.21043925,0.28184561,0.318518275,0.257497969,0.12744684,0.171547273,0.11533293
0.743506507,0.762383859,0.793627419,0.829092694,0.676638463,0.679948605,0.798808719,0.867400584,0.682978044,0.668626256,0.833828112,1,0.812430107,0.920074434,0.67050446,0.709172791,0.703528073,0.836117096,0.673361358,0.660019482,0.535354256,0.564149416,0.748318218,0.796163592,0.742104643,0.755833177,0.634650727,0.645186834,0.694125974,0.793086762,0.672501263,0.686120509,0.674690276,0.75210694,0.588762978,0.574690958,0.367302904,0.422567748,0.342906222,0.445817732,0.303419485,0.355301126,0.531527707,0.555433694,0.606955936,0.638617803,0.538674467,0.586494214,0.571377917,0.615552779,0.569701715,0.608219698,0.459388658,0.47422324,0.548123761,0.606430305,0.680437994,0.746711284,0.600727154,0.597027658,0.679161141,0.736042953,0.702372651,0.811170042,0.620809768,0.703419032,0.668833026,0.712563126,0.522566465,0.519909147,0.376208418,0.420179948,0.521096246,0.601315909,0.329506341,0.323591886,0.521407945,0.563464434,0.585734631,0.671654848,0.685189071,0.774128056,0.489861309,0.590904919,0.611935383,0.71889066,0.359536904,0.448934117,0.505609303,0.562650526,0.422391111,0.440303663,0.308729955,0.318879883,0.131318592,0.23962081,0.267807367,0.340876863,0.411220837,0.421977757,0.291181563,0.263532409,0.212238342,0.185658577,0.111353397,0.145117103,-0.035971298,0.017248367,0.186614916,0.212957756,0.264059386,0.308968883,0.232098147,0.126165216,0.134378428,0.045910952
0.75404139,0.684021857,0.820773545,0.77217371,0.768171319,0.667552244,0.907427745,0.84257393,0.817734895,0.668228109,0.923902957,0.812430107,1,0.880495396,0.787953153,0.664129818,0.795558629,0.740731786,0.609049778,0.579744768,0.518553881,0.487909415,0.74078168,0.744407565,0.790402813,0.736680531,0.679383441,0.634704822,0.754590764,0.662335179,0.647497689,0.613255735,0.672076534,0.696180902,0.636418273,0.537314595,0.437654988,0.379421517,0.395798746,0.376743761,0.372920727,0.267810802,0.576539694,0.542534479,0.681867286,0.65731783,0.577157904,0.542156856,0.647446119,0.648789763,0.669686341,0.652038735,0.57121521,0.511838274,0.625577119,0.532873576,0.715814626,0.693913913,0.633462923,0.60244135,0.756047297,0.70395758,0.821643139,0.7586814,0.724526735,0.713807936,0.725855014,0.707847163,0.494582966,0.510241246,0.424761251,0.425997882,0.554934163,0.557631316,0.32051076,0.243357349,0.564088363,0.53439503,0.650424952,0.602435741,0.809582919,0.725965507,0.585029182,0.518795963,0.742318891,0.673948013,0.480527582,0.419233416,0.600775359,0.50759359,0.48108076,0.514014498,0.342048526,0.395030535,0.107387162,0.183312518,0.273309295,0.272332833,0.424768272,0.398564394,0.262192822,0.316505832,0.171840403,0.175112717,0.057274041,0.139603481,-0.081109085,0.018683243,0.15469594,0.169086933,0.246637369,0.285726486,0.211924065,0.103842324,0.132065849,0.031937022
0.707095709,0.73506539,0.793788342,0.822419915,0.754711897,0.746545493,0.84090355,0.898455049,0.7944986,0.77267423,0.821586913,0.920074434,0.880495396,1,0.735093743,0.782291732,0.708522445,0.818513797,0.625651249,0.613328296,0.499532349,0.525966901,0.734382237,0.79105659,0.790468345,0.780850193,0.684012853,0.676403075,0.670822631,0.73930791,0.650953363,0.664892499,0.654560013,0.730988632,0.581849973,0.555969553,0.329593606,0.379572869,0.304220241,0.400291915,0.254295803,0.293650632,0.542960493,0.544203313,0.639087618,0.663385724,0.512841592,0.550843346,0.600919089,0.648592716,0.59900504,0.669043387,0.494044087,0.541781558,0.524709931,0.571301011,0.670021871,0.737583749,0.582500092,0.597647929,0.663212153,0.736658506,0.736428792,0.827803234,0.643918914,0.741294138,0.67156956,0.710118032,0.507457241,0.50311316,0.352740487,0.400390167,0.507975873,0.581717054,0.297160884,0.288668845,0.507924981,0.547560955,0.57780911,0.655921537,0.713315778,0.799952775,0.509692332,0.612321088,0.649410305,0.755767076,0.419328607,0.499051699,0.533478442,0.588107177,0.486129191,0.530400553,0.403523488,0.431870021,0.106690701,0.218180451,0.247760568,0.308929746,0.396357228,0.404283225,0.342718903,0.357878568,0.235593861,0.212493461,0.111336505,0.150955685,-0.037224342,0.063905714,0.154026513,0.184689819,0.244999374,0.268645638,0.206879389,0.135832553,0.135867031,0.013223937
0.515035193,0.465489651,0.625617289,0.600353315,0.849701821,0.781447136,0.679056326,0.644974269,0.866837599,0.780826353,0.730797632,0.67050446,0.787953153,0.735093743,1,0.864119811,0.691750179,0.658441205,0.437024244,0.401235609,0.670558382,0.628632164,0.619148363,0.630508419,0.764758199,0.732753083,0.835536731,0.793156242,0.755414772,0.706304924,0.677799668,0.677607972,0.566060259,0.615778164,0.524804156,0.430239959,0.382086086,0.300404713,0.520704154,0.469206947,0.356163712,0.263266679,0.535462154,0.473500443,0.47750202,0.465222674,0.516308434,0.45870464,0.434551324,0.436515529,0.537597408,0.507722982,0.565535,0.524404769,0.637261937,0.591251275,0.497054609,0.480299545,0.414946818,0.358623473,0.595786269,0.530613723,0.650356329,0.606032926,0.583678772,0.546031372,0.502990379,0.487822918,0.322446636,0.315754861,0.321841957,0.325989119,0.507911294,0.487471623,0.32086442,0.276636415,0.453280291,0.447913088,0.64186207,0.57890842,0.702433777,0.613070162,0.683844565,0.558585315,0.695899686,0.629714126,0.666139428,0.586855547,0.718486475,0.635429864,0.454572281,0.484929878,0.491707946,0.510891793,0.022171454,0.142358976,0.15756442,0.207642127,0.309770335,0.271063176,0.47810853,0.511578822,0.398381386,0.407268241,0.190468338,0.250825374,-0.04978146,0.024692868,0.013357302,0.048499709,0.025096596,0.10895132,0.206515449,0.162803814,0.047115936,-0.142733938
0.467286384,0.480713425,0.582478514,0.621818295,0.785473556,0.831497017,0.601595555,0.661545983,0.801445523,0.867285072,0.611064611,0.709172791,0.664129818,0.782291732,0.864119811,1,0.574719966,0.676216134,0.438039136,0.426619541,0.589016103,0.622229834,0.603052965,0.65436298,0.738073298,0.753945252,0.78976792,0.787514836,0.624572796,0.739749487,0.628744351,0.665336229,0.532153503,0.625732877,0.503847507,0.481098965,0.298366665,0.34548234,0.428442499,0.523832898,0.255791258,0.313065722,0.515146631,0.49202192,0.463811802,0.49540165,0.484872451,0.490713086,0.422967072,0.464062739,0.504666705,0.545274153,0.516036045,0.561129138,0.548429543,0.631539264,0.448870562,0.505334927,0.391900377,0.381679622,0.517195651,0.552921602,0.550129282,0.64017011,0.518335127,0.568727719,0.489373842,0.52421752,0.327620268,0.324180151,0.242940649,0.286618225,0.402025651,0.449344274,0.199766458,0.24097873,0.366310804,0.427567014,0.552472864,0.613551043,0.593920907,0.660453147,0.624187603,0.680724236,0.596138922,0.694407273,0.590807131,0.68923822,0.628290914,0.720820955,0.509644447,0.52370967,0.55312339,0.555701644,0.04008251,0.173600399,0.159746377,0.256707074,0.306631811,0.299803334,0.540617771,0.542308156,0.411363928,0.393093526,0.214996227,0.213226485,0.017985855,0.084873811,0.036378625,0.083703584,0.052877083,0.129116686,0.203031173,0.143061045,0.008043318,-0.145628562
0.702862865,0.637228017,0.671919735,0.657575527,0.624246984,0.542483065,0.709594237,0.672505943,0.601428684,0.477077189,0.829481978,0.703528073,0.795558629,0.708522445,0.691750179,0.574719966,1,0.854619184,0.563742229,0.565228081,0.610113755,0.571776883,0.604946007,0.631357214,0.71822128,0.683985033,0.637501494,0.599599382,0.876258097,0.719452943,0.65950611,0.649321061,0.640103891,0.666207199,0.55288182,0.492243147,0.479982077,0.419015818,0.434897011,0.394235309,0.423354594,0.334488944,0.647003448,0.63415919,0.666476828,0.651797476,0.689513772,0.616731183,0.6114592,0.599063001,0.640371846,0.568984807,0.56860603,0.425739694,0.671346339,0.567322513,0.708937398,0.665059381,0.520524953,0.502405173,0.643453976,0.560956411,0.780087926,0.663497472,0.591996681,0.561893847,0.624898384,0.620884916,0.506868012,0.503611535,0.427663433,0.407489909,0.665790582,0.673811264,0.483743087,0.363346872,0.624009087,0.585907772,0.874001675,0.755075208,0.890976928,0.734156625,0.594903773,0.482809468,0.67948204,0.578300131,0.428157803,0.353554549,0.509813713,0.403610652,0.413749069,0.393946639,0.220184399,0.25158411,0.232840624,0.272120265,0.347048642,0.336484469,0.486967793,0.43103594,0.239972889,0.207123245,0.249431232,0.205968287,0.174570824,0.256246326,-0.020386937,0.016431795,0.266992763,0.262447863,0.284380543,0.346130688,0.28751181,0.247126701,0.265325281,0.14132369
0.687081997,0.705743547,0.701936687,0.734850265,0.642663942,0.637449442,0.696858349,0.746623646,0.607385988,0.583303821,0.753635568,0.836117096,0.740731786,0.818513797,0.658441205,0.676216134,0.854619184,1,0.613070323,0.639456769,0.569359601,0.615115105,0.643040574,0.710386248,0.728701239,0.753208279,0.648557345,0.66162976,0.775917513,0.84099835,0.661314014,0.68219102,0.642910469,0.709040717,0.530308328,0.527475771,0.403373793,0.467984858,0.360207824,0.463011451,0.339510028,0.395285161,0.583424497,0.628698332,0.641613552,0.664834077,0.61395627,0.646838186,0.572239173,0.623397221,0.574014408,0.611085128,0.488962713,0.48203442,0.591264253,0.656728367,0.661306328,0.720048968,0.50632438,0.520566389,0.591343663,0.636054579,0.702712278,0.785288415,0.540588701,0.617887061,0.610581892,0.659739998,0.533670569,0.523962874,0.378225244,0.446831775,0.621769523,0.718075549,0.43173895,0.417872927,0.580403688,0.61399539,0.725830647,0.845061161,0.76371495,0.841287798,0.511674847,0.590234432,0.593411237,0.694065437,0.368353466,0.448253397,0.477886306,0.523643896,0.404299823,0.431188479,0.255160658,0.282593465,0.202926333,0.31447263,0.31290006,0.398439423,0.45844844,0.480150507,0.269697106,0.236935838,0.262781262,0.238694274,0.186885487,0.240023388,-0.001208071,0.082788029,0.263115238,0.270945976,0.289071552,0.340913705,0.26608072,0.236745504,0.254349219,0.113350112
0.741071043,0.739031507,0.740503755,0.728014731,0.458137083,0.432074185,0.652333517,0.650096916,0.452738693,0.396476066,0.6521211,0.673361358,0.609049778,0.625651249,0.437024244,0.438039136,0.563742229,0.613070323,1,0.911927075,0.409148849,0.406661765,0.811033319,0.753266452,0.597618488,0.570289999,0.452044462,0.424057826,0.537484252,0.544028479,0.597330892,0.538562135,0.740439823,0.706495652,0.445631137,0.389604543,0.340785207,0.350730264,0.296167922,0.297600939,0.308973463,0.267190035,0.467332112,0.458217437,0.571280536,0.557688188,0.477201152,0.468946664,0.542176774,0.539217596,0.468872685,0.479325895,0.349476099,0.310198767,0.450942059,0.421138163,0.654912577,0.7025484,0.575524008,0.576839537,0.575347482,0.589929169,0.538579811,0.571320123,0.453813172,0.498792717,0.644941375,0.638483351,0.768147772,0.736245444,0.360527601,0.376284038,0.378729287,0.455940158,0.220437917,0.182361789,0.494766248,0.485518726,0.415532348,0.46328582,0.518363536,0.539896526,0.446990376,0.450402623,0.427758049,0.454124584,0.261269789,0.255471417,0.31353408,0.306979624,0.453007394,0.451965396,0.228793869,0.244080307,0.257842926,0.333829753,0.429335175,0.436299221,0.508783409,0.523697897,0.138570878,0.114763589,0.049526272,0.010536651,0.090734457,0.109835741,0.055857525,0.081878344,0.278356045,0.340177624,0.434261319,0.466479308,0.387377776,0.160084769,0.236018296,0.186841004
0.746585801,0.80024124,0.720048283,0.770426753,0.432666741,0.452930374,0.637382288,0.678028767,0.421332549,0.395802983,0.610498004,0.660019482,0.579744768,0.613328296,0.401235609,0.426619541,0.565228081,0.639456769,0.911927075,1,0.395447617,0.429491813,0.752669595,0.759087147,0.582194208,0.591332339,0.433577257,0.43883584,0.525277957,0.54362157,0.58870262,0.560343515,0.727848266,0.724452323,0.426787535,0.408822921,0.326450043,0.375342293,0.269211039,0.32508612,0.290324302,0.312278149,0.463761141,0.480750562,0.574625767,0.591422753,0.488370122,0.49912942,0.527315601,0.565009471,0.42385355,0.481239152,0.306914532,0.309315532,0.436306935,0.441816354,0.67272515,0.748485634,0.570263363,0.601949438,0.526798157,0.601552937,0.488149249,0.57728796,0.404479578,0.500205292,0.633687629,0.657336551,0.772533386,0.812473625,0.313609809,0.374820966,0.436516684,0.527547382,0.252568025,0.266439708,0.479020913,0.502177516,0.405468163,0.47123707,0.492523803,0.538122554,0.405347341,0.435936486,0.369860496,0.443898597,0.23370956,0.261736506,0.270525708,0.302446178,0.440752356,0.431349875,0.20405224,0.217190175,0.288286051,0.356329702,0.470710586,0.467848448,0.529117673,0.53595981,0.138922375,0.086234581,0.08640577,0.022687756,0.10483512,0.088829216,0.051236182,0.104420208,0.291789085,0.359845827,0.457797158,0.487864521,0.37610879,0.180057563,0.26620993,0.174926013
0.420598138,0.391233009,0.525832764,0.546089993,0.6232247,0.58870358,0.4981615,0.511490833,0.492850575,0.417385116,0.544658767,0.535354256,0.518553881,0.499532349,0.670558382,0.589016103,0.610113755,0.569359601,0.409148849,0.395447617,1,0.921869354,0.604326888,0.592309746,0.729724923,0.732200805,0.781527285,0.759825086,0.789236555,0.729577821,0.780895998,0.759112175,0.465955831,0.528997416,0.507513756,0.459438804,0.631503429,0.549548928,0.743882351,0.663582473,0.640983495,0.5476897,0.425488237,0.37071641,0.354826507,0.32438988,0.440692839,0.369504436,0.248167963,0.243467004,0.317793932,0.262190365,0.320290859,0.224205515,0.600996949,0.512982379,0.37891568,0.411742233,0.321524366,0.341439919,0.447185957,0.420109607,0.446762934,0.43201546,0.420185639,0.394687051,0.429786868,0.427226077,0.335585113,0.326411262,0.489141454,0.460908484,0.500671158,0.502179988,0.376289345,0.271298892,0.555692185,0.555258582,0.582162578,0.514688315,0.568248695,0.46463383,0.682310323,0.557803446,0.50181386,0.445258219,0.593408282,0.499596195,0.560876573,0.466619032,0.348408674,0.328910826,0.22718188,0.240779675,0.218693795,0.297545162,0.26637494,0.271815508,0.303568389,0.252777073,0.326880919,0.235254696,0.308299567,0.264570346,0.216475407,0.249072243,0.122931544,0.117374682,0.158769838,0.210536945,0.142597605,0.181756574,0.222829106,0.105566163,0.044529395,-0.024764299
0.401757611,0.410670283,0.513922849,0.568205166,0.610028735,0.622350088,0.470317436,0.525927954,0.477410856,0.449030406,0.512151497,0.564149416,0.487909415,0.525966901,0.628632164,0.622229834,0.571776883,0.615115105,0.406661765,0.429491813,0.921869354,1,0.58698613,0.617119399,0.719505889,0.765999696,0.766917099,0.793576832,0.741306251,0.769004592,0.753514401,0.77509928,0.453617483,0.553783661,0.513344726,0.502066764,0.604303885,0.60363969,0.706312399,0.729322912,0.588957494,0.62968599,0.427654592,0.399869165,0.354362472,0.343007253,0.445917666,0.420192967,0.231641912,0.26085889,0.290547295,0.272851092,0.301404528,0.257364889,0.565997733,0.569224531,0.353027381,0.420391139,0.282783369,0.316201586,0.403767988,0.425339955,0.398870448,0.456741362,0.37465117,0.402160739,0.41220173,0.447062485,0.344359895,0.347568456,0.47682348,0.514822862,0.509236576,0.550502009,0.343958964,0.336267716,0.541238711,0.574442326,0.525969505,0.552501021,0.51743798,0.506319612,0.634852183,0.617112788,0.447643182,0.484712183,0.539936441,0.552605789,0.505880948,0.497157965,0.366072665,0.329271923,0.244057526,0.234688305,0.262655887,0.351520583,0.29820375,0.324597198,0.32356914,0.292635394,0.335264665,0.234061422,0.313736358,0.26872575,0.260421081,0.278248699,0.156045006,0.164342315,0.191181707,0.259096829,0.197601351,0.218475023,0.228662592,0.132301742,0.075551174,-0.002637431
0.667095597,0.659304877,0.817446814,0.797006354,0.652152207,0.605060939,0.767494007,0.767041318,0.624183223,0.546458295,0.736816925,0.748318218,0.74078168,0.734382237,0.619148363,0.603052965,0.604946007,0.643040574,0.811033319,0.752669595,0.604326888,0.58698613,1,0.919839631,0.822681301,0.771640109,0.67486792,0.631285962,0.688806101,0.702502054,0.784296586,0.682398121,0.704756555,0.705129669,0.602558784,0.510256672,0.512196752,0.505266346,0.475102729,0.479812199,0.449484622,0.372654561,0.483047937,0.470571115,0.594578995,0.548157503,0.494503801,0.474526541,0.5129901,0.501630793,0.495704265,0.490854085,0.408132876,0.33819337,0.559818543,0.491442973,0.587337153,0.638469156,0.587210762,0.575456917,0.667806266,0.683576619,0.612534886,0.646959414,0.611855509,0.607122327,0.691712524,0.698629796,0.577793086,0.591599318,0.553657324,0.555636489,0.403942572,0.459982295,0.172018486,0.116671992,0.609294615,0.619676458,0.509766709,0.505878932,0.621874509,0.598682299,0.64093655,0.63420287,0.58962521,0.57710786,0.484564313,0.451952314,0.512740278,0.456949772,0.500412657,0.511511664,0.301224971,0.32076715,0.226852155,0.31442836,0.368406153,0.349309492,0.45167862,0.43617566,0.233025837,0.220354092,0.109935147,0.081282669,0.064381168,0.10210223,0.080572456,0.113745996,0.203026977,0.331126181,0.353987625,0.351611843,0.245836952,0.029294407,0.094424304,0.066800581
0.701297536,0.731405412,0.844571136,0.89738138,0.667586486,0.68303649,0.789877505,0.852270417,0.640948809,0.609939993,0.731023253,0.796163592,0.744407565,0.79105659,0.630508419,0.65436298,0.631357214,0.710386248,0.753266452,0.759087147,0.592309746,0.617119399,0.919839631,1,0.837750596,0.83908016,0.681879897,0.680525794,0.689676009,0.741112503,0.76368268,0.72535901,0.656238401,0.721813967,0.637193983,0.595261052,0.508555844,0.550213471,0.447546882,0.520859306,0.424065545,0.427546834,0.509050252,0.531119322,0.630858704,0.615504637,0.526146848,0.535040424,0.550653632,0.57880728,0.532762895,0.568065741,0.423183191,0.410045741,0.569458694,0.576224396,0.639316351,0.717988858,0.626135559,0.640169137,0.679151803,0.747538272,0.649998554,0.737760881,0.635542951,0.685877359,0.725204163,0.765416428,0.605873518,0.628498016,0.511370036,0.582900654,0.478566749,0.557258103,0.210124843,0.220824819,0.600021314,0.655634374,0.513093667,0.564543225,0.643068207,0.689741404,0.606001008,0.666795122,0.604298343,0.664553467,0.45024695,0.497429325,0.523104787,0.523512093,0.512815154,0.508527864,0.331848169,0.323932612,0.203412901,0.280885031,0.342453891,0.347095093,0.456047332,0.440560578,0.262098666,0.217046405,0.142331397,0.097988469,0.063121411,0.101596153,0.054625235,0.108430086,0.223256168,0.288644354,0.323146575,0.3359899,0.243224623,0.066903217,0.128580863,0.068995544
0.616183401,0.626277286,0.768483166,0.76877128,0.851400798,0.799302443,0.764151597,0.786248093,0.773977109,0.69528539,0.739791672,0.742104643,0.790402813,0.790468345,0.764758199,0.738073298,0.71822128,0.728701239,0.597618488,0.582194208,0.729724923,0.719505889,0.822681301,0.837750596,1,0.948983976,0.874797919,0.834748327,0.807732708,0.78564897,0.823665707,0.792102914,0.619792596,0.686046256,0.647451615,0.585612502,0.553639032,0.537050111,0.56220237,0.571480191,0.487586891,0.441875223,0.548011405,0.530137105,0.62281398,0.596375862,0.557941105,0.537381929,0.527418083,0.539087153,0.553643716,0.549785826,0.488704243,0.431486239,0.65249017,0.599739006,0.576543076,0.632936159,0.536911504,0.550363905,0.628041422,0.646167405,0.672059435,0.68620578,0.628383849,0.646810157,0.664800771,0.674312559,0.48898245,0.50249288,0.495348861,0.524083946,0.538118623,0.583948908,0.288186632,0.225646074,0.575757296,0.605726569,0.636287888,0.617407347,0.732986759,0.697619527,0.680997315,0.68021145,0.67291883,0.671303506,0.583001038,0.556010504,0.620504368,0.568995692,0.537890317,0.538523742,0.369087953,0.397389717,0.165844892,0.279841225,0.309849279,0.330455835,0.427134034,0.405735803,0.331255005,0.33078439,0.210130413,0.19768105,0.086744466,0.151869483,0.061801525,0.125373711,0.171676341,0.219127072,0.249217681,0.267602875,0.21182346,0.102505071,0.113986045,-0.00725033
0.596146181,0.621075681,0.740976486,0.780590502,0.827224857,0.839856017,0.723189835,0.78439604,0.730121383,0.707081539,0.693400046,0.755833177,0.736680531,0.780850193,0.732753083,0.753945252,0.683985033,0.753208279,0.570289999,0.591332339,0.732200805,0.765999696,0.771640109,0.83908016,0.948983976,1,0.865004927,0.880125131,0.785779176,0.818260124,0.824938691,0.857679111,0.61453754,0.726563592,0.652208485,0.640683281,0.5225083,0.559755712,0.536592522,0.60590947,0.460168995,0.502289047,0.523480275,0.536751854,0.593779064,0.593130893,0.553762825,0.561219865,0.489200187,0.524773001,0.510127382,0.526717173,0.443266098,0.423720233,0.623028126,0.640086324,0.547868475,0.626443124,0.498598177,0.517299396,0.577235696,0.631442313,0.615054669,0.677546206,0.579399052,0.630685271,0.640268997,0.682805289,0.472061295,0.48496278,0.429546809,0.500047645,0.569970523,0.638580626,0.344059603,0.322132496,0.518286434,0.584419229,0.587560875,0.63426742,0.664833734,0.692373361,0.622516451,0.666665739,0.608173971,0.665564288,0.527470025,0.567463544,0.565296635,0.571027397,0.503055237,0.490630774,0.339742608,0.348804207,0.168221367,0.280326707,0.318712232,0.351655083,0.437177149,0.420270114,0.335860722,0.294015401,0.243758937,0.209493643,0.117358992,0.173793458,0.046235002,0.096736938,0.171120476,0.207240763,0.253230112,0.275038503,0.197736378,0.109609414,0.132622994,-0.007253102
0.455405298,0.446707388,0.611880426,0.615909205,0.909267362,0.871275279,0.616032882,0.62751429,0.782747329,0.741699239,0.628872292,0.634650727,0.679383441,0.684012853,0.835536731,0.78976792,0.637501494,0.648557345,0.452044462,0.433577257,0.781527285,0.766917099,0.67486792,0.681879897,0.874797919,0.865004927,1,0.962039961,0.749436289,0.7379403,0.755564983,0.7602534,0.542291491,0.621961751,0.539305471,0.477276177,0.436177227,0.400987033,0.580919397,0.560284667,0.407228802,0.354738537,0.529985918,0.473360759,0.48014376,0.442396362,0.512908421,0.481043731,0.393072611,0.400706911,0.480660288,0.462218675,0.501330838,0.477797957,0.632610389,0.618711342,0.42774509,0.46374212,0.365973822,0.351164647,0.514364144,0.516492609,0.549474084,0.565308501,0.528134711,0.51585264,0.481454195,0.487378034,0.345223118,0.329411093,0.360825979,0.394082984,0.494297262,0.513187309,0.307848963,0.260369916,0.454429569,0.483188536,0.586562068,0.569274138,0.632972359,0.602056284,0.616168747,0.58662415,0.630589714,0.616425196,0.634159489,0.595299024,0.692338519,0.650916418,0.495718816,0.516943675,0.460475507,0.493161084,0.10410892,0.247455913,0.235416469,0.292754177,0.354164544,0.334331717,0.501443545,0.500539735,0.404724308,0.408773211,0.223496926,0.263028022,0.048936481,0.118600031,0.060377634,0.129219391,0.092844601,0.153998487,0.198288064,0.160189383,0.061492298,-0.11466189
0.430426893,0.432699053,0.574662778,0.619283394,0.866149424,0.887809196,0.576963523,0.623644015,0.736400902,0.732679574,0.593674523,0.645186834,0.634704822,0.676403075,0.793156242,0.787514836,0.599599382,0.66162976,0.424057826,0.43883584,0.759825086,0.793576832,0.631285962,0.680525794,0.834748327,0.880125131,0.962039961,1,0.715737621,0.757372169,0.739825559,0.795595942,0.544535423,0.656999905,0.542091503,0.511760012,0.387483381,0.403894057,0.551511828,0.588986425,0.370329848,0.376263128,0.509341276,0.475436199,0.447767248,0.436239019,0.510046164,0.503066293,0.356510827,0.390027275,0.444030782,0.43956526,0.472019006,0.476791648,0.60288155,0.656267049,0.393316596,0.444733763,0.323103324,0.310072456,0.471728609,0.502396583,0.501126309,0.562046955,0.489377913,0.507380467,0.453484849,0.486621943,0.320627684,0.315721895,0.304505453,0.37865521,0.518635764,0.56137753,0.340422318,0.333145905,0.412955424,0.474509746,0.541336051,0.577805969,0.575897119,0.599299505,0.540642999,0.565728977,0.576459858,0.624998044,0.581396214,0.606012765,0.646647762,0.662936003,0.453902369,0.455666286,0.432398008,0.436876581,0.095905803,0.238826943,0.222156608,0.295442861,0.341574197,0.32223192,0.497859612,0.448714726,0.433657448,0.399387809,0.265337267,0.280679501,0.071367349,0.108266527,0.053848842,0.113740033,0.081568274,0.141223949,0.184579449,0.169262614,0.081869711,-0.119659942
0.612725538,0.553398884,0.68103318,0.673851948,0.685362008,0.60992923,0.686246911,0.668082542,0.609274879,0.484852254,0.780177957,0.694125974,0.754590764,0.670822631,0.755414772,0.624572796,0.876258097,0.775917513,0.537484252,0.525277957,0.789236555,0.741306251,0.688806101,0.689676009,0.807732708,0.785779176,0.749436289,0.715737621,1,0.851124828,0.813467783,0.775271183,0.617683078,0.652186175,0.622886973,0.549357478,0.626154321,0.548127529,0.627186375,0.553784383,0.583514937,0.469278467,0.558367555,0.529048669,0.568487863,0.534676711,0.597055252,0.526909396,0.469598854,0.459060892,0.509554922,0.432630702,0.449737218,0.302590023,0.686448977,0.558863085,0.582553916,0.564095278,0.480497622,0.455603136,0.622561868,0.545629166,0.682960634,0.594816684,0.575981538,0.533151569,0.595097317,0.593430861,0.435297561,0.443327441,0.560332488,0.534592622,0.64882749,0.658588946,0.451644901,0.324295746,0.654905654,0.636915324,0.821060981,0.71058805,0.811682145,0.642401001,0.716701777,0.560896652,0.651567239,0.53979545,0.534950336,0.425891085,0.565773785,0.434490374,0.403966728,0.380841257,0.206735418,0.223814175,0.233774241,0.289369083,0.327957829,0.295621233,0.433722379,0.373737535,0.242886894,0.19021199,0.219395941,0.183543067,0.150359124,0.229450617,0.008929986,0.022761674,0.232064819,0.267492735,0.258812522,0.28538442,0.218138394,0.126637081,0.155990614,0.067726772
